1.40
2.51
3.26
4.46
5.30
6.63
7.76
8.10
9.99
10.63
11.27
12.25
13.48
14.55
15.36
16.43
17.21
18.41
19.27
20.69
21.22
22.14
23.9
24.49
25.82
26.51
27.93
28.18
29.71
30.49
31.34
32.67
33.20
34.90
35.29
36.33
37.99
38.25
39.23
40.56
41.75
42.56
43.36
44.83
45.46
46.94
47.84
48.25
49.7
50.42
51.61
52.44
53.5
54.77
55.21
56.99
57.7
58.16
59.53
60.31
61.28
62.2
63.52
64.11
65.48
66.12
67.36
68.10
69.37
70.29
71.73
72.55
73.60
74.88
75.86
76.40
77.38
78.77
79.41
80.36
81.65
82.67
83.42
84.24
85.13
86.70
87.42
88.39
89.23
90.50
91.54
92.46
93.62
94.12
95.96
96.91
97.68
98.47
99.90
100.47
